SR_44100:0.9984848364052954,-1.9807746524538519,0.9824090200575981,1.9807746524538519,-0.9808938564628935,0.9941028217076319,-1.9391607972698122,0.9485516473249793,1.9391607972698122,-0.9426544690326112,1.0018008589760281,-1.9520791126302672,0.9686813277336717,1.9520791126302672,-0.9704821867096999,0.9978003280621853,-1.8837996158810377,0.9235544665156523,1.8837996158810377,-0.9213547945778378,1.0023337247918100,-1.8696741521478806,0.9420530117151348,1.8696741521478806,-0.9443867365069448,1.0458741724182292,-1.4785978099511190,0.7226534048282550,1.4785978099511190,-0.7685275772464841,1.2947680661324956,-0.2518007045716744,0.0380710220564870,0.2518007045716744,-0.3328390881889824,1.1431186961384563,-0.2535102209437598,0.3518317197076192,0.2535102209437598,-0.4949504158460754
SR_48000:0.9986068628680889,-1.9823319059610371,0.9838257417020101,1.9823319059610371,-0.9824326045700988,0.9945693453161660,-1.9442350142691256,0.9526217076068868,1.9442350142691256,-0.9471910529230531,1.0016565220567104,-1.9572915120464909,0.9711914857928113,1.9572915120464909,-0.9728480078495215,0.9979726005831064,-1.8956958552124656,0.9295414796425234,1.8956958552124656,-0.9275140802256299,1.0021489483138846,-1.8855185587616596,0.9466410593029368,1.8855185587616596,-0.9487900076168215,1.0425383367779884,-1.5372096667320081,0.7428212380141832,1.5372096667320081,-0.7853595747921714,1.2769565458888059,-0.4087415087930309,0.0961961021862022,0.4087415087930309,-0.3731526480750080,1.1339213627840701,-0.4282444397748282,0.3934853953239840,0.4282444397748282,-0.5274067581080540
